symboling,normalized-losses,make,aspiration,num-of-doors,body-style,drive-wheels,engine-location,wheel-base,length,width,height,curb-weight,engine-type,num-of-cylinders,engine-size,fuel-system,bore,stroke,compression-ratio,horsepower,peak-rpm,city-mpg,highway-mpg,price,city-l/100,horsepower-binned,diesel,gas
3,122,alfa-romero,std,two,convertible,rwd,front,88.6,0.811148486,0.890277778,0.816053512,2548,dohc,four,130,mpfi,3.47,2.68,9,111,5000,21,27,16500,11.19047619,low,0,1
1,122,alfa-romero,std,two,hatchback,rwd,front,94.5,0.822681403,0.909722222,0.876254181,2823,ohcv,six,152,mpfi,2.68,3.47,9,154,5000,19,26,16500,12.36842105,medium,0,1
2,164,audi,std,four,sedan,fwd,front,99.8,0.848630466,0.919444444,0.908026756,2337,ohc,four,109,mpfi,3.19,3.4,10,102,5500,24,30,13950,9.791666667,low,0,1
2,164,audi,std,four,sedan,4wd,front,99.4,0.848630466,0.922222222,0.908026756,2824,ohc,five,136,mpfi,3.19,3.4,8,115,5500,18,22,17450,13.05555556,low,0,1
2,122,audi,std,two,sedan,fwd,front,99.8,0.851994234,0.920833333,0.887959866,2507,ohc,five,136,mpfi,3.19,3.4,8.5,110,5500,19,25,15250,12.36842105,low,0,1
1,158,audi,std,four,sedan,fwd,front,105.8,0.925997117,0.991666667,0.931438127,2844,ohc,five,136,mpfi,3.19,3.4,8.5,110,5500,19,25,17710,12.36842105,low,0,1
1,122,audi,std,four,wagon,fwd,front,105.8,0.925997117,0.991666667,0.931438127,2954,ohc,five,136,mpfi,3.19,3.4,8.5,110,5500,19,25,18920,12.36842105,low,0,1
1,158,audi,turbo,four,sedan,fwd,front,105.8,0.925997117,0.991666667,0.934782609,3086,ohc,five,131,mpfi,3.13,3.4,8.3,140,5500,17,20,23875,13.82352941,medium,0,1
2,192,bmw,std,two,sedan,rwd,front,101.2,0.849591543,0.9,0.908026756,2395,ohc,four,108,mpfi,3.5,2.8,8.8,101,5800,23,29,16430,10.2173913,low,0,1
0,192,bmw,std,four,sedan,rwd,front,101.2,0.849591543,0.9,0.908026756,2395,ohc,four,108,mpfi,3.5,2.8,8.8,101,5800,23,29,16925,10.2173913,low,0,1
0,188,bmw,std,two,sedan,rwd,front,101.2,0.849591543,0.9,0.908026756,2710,ohc,six,164,mpfi,3.31,3.19,9,121,4250,21,28,20970,11.19047619,medium,0,1
0,188,bmw,std,four,sedan,rwd,front,101.2,0.849591543,0.9,0.908026756,2765,ohc,six,164,mpfi,3.31,3.19,9,121,4250,21,28,21105,11.19047619,medium,0,1
1,122,bmw,std,four,sedan,rwd,front,103.5,0.908217203,0.929166667,0.931438127,3055,ohc,six,164,mpfi,3.31,3.19,9,121,4250,20,25,24565,11.75,medium,0,1
0,122,bmw,std,four,sedan,rwd,front,103.5,0.908217203,0.929166667,0.931438127,3230,ohc,six,209,mpfi,3.62,3.39,8,182,5400,16,22,30760,14.6875,medium,0,1
0,122,bmw,std,two,sedan,rwd,front,103.5,0.931283037,0.943055556,0.897993311,3380,ohc,six,209,mpfi,3.62,3.39,8,182,5400,16,22,41315,14.6875,medium,0,1
0,122,bmw,std,four,sedan,rwd,front,110,0.946660259,0.984722222,0.941471572,3505,ohc,six,209,mpfi,3.62,3.39,8,182,5400,15,20,36880,15.66666667,medium,0,1
2,121,chevrolet,std,two,hatchback,fwd,front,88.4,0.678039404,0.8375,0.889632107,1488,l,three,61,2bbl,2.91,3.03,9.5,48,5100,47,53,5151,5,low,0,1
1,98,chevrolet,std,two,hatchback,fwd,front,94.5,0.749159058,0.883333333,0.869565217,1874,ohc,four,90,2bbl,3.03,3.11,9.6,70,5400,38,43,6295,6.184210526,low,0,1
0,81,chevrolet,std,four,sedan,fwd,front,94.5,0.763094666,0.883333333,0.869565217,1909,ohc,four,90,2bbl,3.03,3.11,9.6,70,5400,38,43,6575,6.184210526,low,0,1
1,118,dodge,std,two,hatchback,fwd,front,93.7,0.755886593,0.886111111,0.849498328,1876,ohc,four,90,2bbl,2.97,3.23,9.41,68,5500,37,41,5572,6.351351351,low,0,1
1,118,dodge,std,two,hatchback,fwd,front,93.7,0.755886593,0.886111111,0.849498328,1876,ohc,four,90,2bbl,2.97,3.23,9.4,68,5500,31,38,6377,7.580645161,low,0,1
1,118,dodge,turbo,two,hatchback,fwd,front,93.7,0.755886593,0.886111111,0.849498328,2128,ohc,four,98,mpfi,3.03,3.39,7.6,102,5500,24,30,7957,9.791666667,low,0,1
1,148,dodge,std,four,hatchback,fwd,front,93.7,0.755886593,0.886111111,0.846153846,1967,ohc,four,90,2bbl,2.97,3.23,9.4,68,5500,31,38,6229,7.580645161,low,0,1
1,148,dodge,std,four,sedan,fwd,front,93.7,0.755886593,0.886111111,0.846153846,1989,ohc,four,90,2bbl,2.97,3.23,9.4,68,5500,31,38,6692,7.580645161,low,0,1
1,148,dodge,std,four,sedan,fwd,front,93.7,0.755886593,0.886111111,0.846153846,1989,ohc,four,90,2bbl,2.97,3.23,9.4,68,5500,31,38,7609,7.580645161,low,0,1
1,148,dodge,turbo,four,sedan,fwd,front,93.7,0.755886593,0.886111111,0.846153846,2191,ohc,four,98,mpfi,3.03,3.39,7.6,102,5500,24,30,8558,9.791666667,low,0,1
-1,110,dodge,std,four,wagon,fwd,front,103.3,0.839019702,0.897222222,1,2535,ohc,four,122,2bbl,3.34,3.46,8.5,88,5000,24,30,8921,9.791666667,low,0,1
3,145,dodge,turbo,two,hatchback,fwd,front,95.9,0.832292167,0.920833333,0.839464883,2811,ohc,four,156,mfi,3.6,3.9,7,145,5000,19,24,12964,12.36842105,medium,0,1
2,137,honda,std,two,hatchback,fwd,front,86.6,0.694858241,0.8875,0.849498328,1713,ohc,four,92,1bbl,2.91,3.41,9.6,58,4800,49,54,6479,4.795918367,low,0,1
2,137,honda,std,two,hatchback,fwd,front,86.6,0.694858241,0.8875,0.849498328,1819,ohc,four,92,1bbl,2.91,3.41,9.2,76,6000,31,38,6855,7.580645161,low,0,1
1,101,honda,std,two,hatchback,fwd,front,93.7,0.720807304,0.888888889,0.879598662,1837,ohc,four,79,1bbl,2.91,3.07,10.1,60,5500,38,42,5399,6.184210526,low,0,1
1,101,honda,std,two,hatchback,fwd,front,93.7,0.720807304,0.888888889,0.879598662,1940,ohc,four,92,1bbl,2.91,3.41,9.2,76,6000,30,34,6529,7.833333333,low,0,1
1,101,honda,std,two,hatchback,fwd,front,93.7,0.720807304,0.888888889,0.879598662,1956,ohc,four,92,1bbl,2.91,3.41,9.2,76,6000,30,34,7129,7.833333333,low,0,1
0,110,honda,std,four,sedan,fwd,front,96.5,0.785199423,0.888888889,0.911371237,2010,ohc,four,92,1bbl,2.91,3.41,9.2,76,6000,30,34,7295,7.833333333,low,0,1
0,78,honda,std,four,wagon,fwd,front,96.5,0.754925517,0.8875,0.974916388,2024,ohc,four,92,1bbl,2.92,3.41,9.2,76,6000,30,34,7295,7.833333333,low,0,1
0,106,honda,std,two,hatchback,fwd,front,96.5,0.80490149,0.905555556,0.891304348,2236,ohc,four,110,1bbl,3.15,3.58,9,86,5800,27,33,7895,8.703703704,low,0,1
0,106,honda,std,two,hatchback,fwd,front,96.5,0.80490149,0.905555556,0.891304348,2289,ohc,four,110,1bbl,3.15,3.58,9,86,5800,27,33,9095,8.703703704,low,0,1
0,85,honda,std,four,sedan,fwd,front,96.5,0.842864008,0.905555556,0.904682274,2304,ohc,four,110,1bbl,3.15,3.58,9,86,5800,27,33,8845,8.703703704,low,0,1
0,85,honda,std,four,sedan,fwd,front,96.5,0.842864008,0.868055556,0.904682274,2372,ohc,four,110,1bbl,3.15,3.58,9,86,5800,27,33,10295,8.703703704,low,0,1
0,85,honda,std,four,sedan,fwd,front,96.5,0.842864008,0.905555556,0.904682274,2465,ohc,four,110,mpfi,3.15,3.58,9,101,5800,24,28,12945,9.791666667,low,0,1
1,107,honda,std,two,sedan,fwd,front,96.5,0.812590101,0.916666667,0.852842809,2293,ohc,four,110,2bbl,3.15,3.58,9.1,100,5500,25,31,10345,9.4,low,0,1
0,122,isuzu,std,four,sedan,rwd,front,94.3,0.820278712,0.858333333,0.894648829,2337,ohc,four,111,2bbl,3.31,3.23,8.5,78,4800,24,29,6785,9.791666667,low,0,1
2,122,isuzu,std,two,hatchback,rwd,front,96,0.829408938,0.905555556,0.859531773,2734,ohc,four,119,spfi,3.43,3.23,9.2,90,5000,24,29,11048,9.791666667,low,0,1
0,145,jaguar,std,four,sedan,rwd,front,113,0.959154253,0.966666667,0.882943144,4066,dohc,six,258,mpfi,3.63,4.17,8.1,176,4750,15,19,32250,15.66666667,medium,0,1
0,122,jaguar,std,four,sedan,rwd,front,113,0.959154253,0.966666667,0.882943144,4066,dohc,six,258,mpfi,3.63,4.17,8.1,176,4750,15,19,35550,15.66666667,medium,0,1
0,122,jaguar,std,two,sedan,rwd,front,102,0.921191735,0.980555556,0.799331104,3950,ohcv,twelve,326,mpfi,3.54,2.76,11.5,262,5000,13,17,36000,18.07692308,high,0,1
1,104,mazda,std,two,hatchback,fwd,front,93.1,0.764536281,0.891666667,0.904682274,1890,ohc,four,91,2bbl,3.03,3.15,9,68,5000,30,31,5195,7.833333333,low,0,1
1,104,mazda,std,two,hatchback,fwd,front,93.1,0.764536281,0.891666667,0.904682274,1900,ohc,four,91,2bbl,3.03,3.15,9,68,5000,31,38,6095,7.580645161,low,0,1
1,104,mazda,std,two,hatchback,fwd,front,93.1,0.764536281,0.891666667,0.904682274,1905,ohc,four,91,2bbl,3.03,3.15,9,68,5000,31,38,6795,7.580645161,low,0,1
1,113,mazda,std,four,sedan,fwd,front,93.1,0.801537722,0.891666667,0.904682274,1945,ohc,four,91,2bbl,3.03,3.15,9,68,5000,31,38,6695,7.580645161,low,0,1
1,113,mazda,std,four,sedan,fwd,front,93.1,0.801537722,0.891666667,0.904682274,1950,ohc,four,91,2bbl,3.08,3.15,9,68,5000,31,38,7395,7.580645161,low,0,1
3,150,mazda,std,two,hatchback,rwd,front,95.3,0.812109563,0.9125,0.829431438,2380,rotor,two,70,4bbl,3.32905,3.2583,9.4,101,6000,17,23,10945,13.82352941,low,0,1
3,150,mazda,std,two,hatchback,rwd,front,95.3,0.812109563,0.9125,0.829431438,2380,rotor,two,70,4bbl,3.32905,3.2583,9.4,101,6000,17,23,11845,13.82352941,low,0,1
3,150,mazda,std,two,hatchback,rwd,front,95.3,0.812109563,0.9125,0.829431438,2385,rotor,two,70,4bbl,3.32905,3.2583,9.4,101,6000,17,23,13645,13.82352941,low,0,1
3,150,mazda,std,two,hatchback,rwd,front,95.3,0.812109563,0.9125,0.829431438,2500,rotor,two,80,mpfi,3.32905,3.2583,9.4,135,6000,16,23,15645,14.6875,medium,0,1
1,129,mazda,std,two,hatchback,fwd,front,98.8,0.854396925,0.923611111,0.897993311,2385,ohc,four,122,2bbl,3.39,3.39,8.6,84,4800,26,32,8845,9.038461538,low,0,1
0,115,mazda,std,four,sedan,fwd,front,98.8,0.854396925,0.923611111,0.928093645,2410,ohc,four,122,2bbl,3.39,3.39,8.6,84,4800,26,32,8495,9.038461538,low,0,1
1,129,mazda,std,two,hatchback,fwd,front,98.8,0.854396925,0.923611111,0.897993311,2385,ohc,four,122,2bbl,3.39,3.39,8.6,84,4800,26,32,10595,9.038461538,low,0,1
0,115,mazda,std,four,sedan,fwd,front,98.8,0.854396925,0.923611111,0.928093645,2410,ohc,four,122,2bbl,3.39,3.39,8.6,84,4800,26,32,10245,9.038461538,low,0,1
0,122,mazda,std,four,sedan,fwd,front,98.8,0.854396925,0.923611111,0.928093645,2443,ohc,four,122,idi,3.39,3.39,22.7,64,4650,36,42,10795,6.527777778,low,1,0
0,115,mazda,std,four,hatchback,fwd,front,98.8,0.854396925,0.923611111,0.928093645,2425,ohc,four,122,2bbl,3.39,3.39,8.6,84,4800,26,32,11245,9.038461538,low,0,1
0,118,mazda,std,four,sedan,rwd,front,104.9,0.840941855,0.918055556,0.909698997,2670,ohc,four,140,mpfi,3.76,3.16,8,120,5000,19,27,18280,12.36842105,medium,0,1
0,122,mazda,std,four,sedan,rwd,front,104.9,0.840941855,0.918055556,0.909698997,2700,ohc,four,134,idi,3.43,3.64,22,72,4200,31,39,18344,7.580645161,low,1,0
-1,93,mercedes-benz,turbo,four,sedan,rwd,front,110,0.917347429,0.976388889,0.944816054,3515,ohc,five,183,idi,3.58,3.64,21.5,123,4350,22,25,25552,10.68181818,medium,1,0
-1,93,mercedes-benz,turbo,four,wagon,rwd,front,110,0.917347429,0.976388889,0.981605351,3750,ohc,five,183,idi,3.58,3.64,21.5,123,4350,22,25,28248,10.68181818,medium,1,0
0,93,mercedes-benz,turbo,two,hardtop,rwd,front,106.7,0.90100913,0.976388889,0.918060201,3495,ohc,five,183,idi,3.58,3.64,21.5,123,4350,22,25,28176,10.68181818,medium,1,0
-1,93,mercedes-benz,turbo,four,sedan,rwd,front,115.6,0.973570399,0.995833333,0.941471572,3770,ohc,five,183,idi,3.58,3.64,21.5,123,4350,22,25,31600,10.68181818,medium,1,0
-1,122,mercedes-benz,std,four,sedan,rwd,front,115.6,0.973570399,0.995833333,0.944816054,3740,ohcv,eight,234,mpfi,3.46,3.1,8.3,155,4750,16,18,34184,14.6875,medium,0,1
3,142,mercedes-benz,std,two,convertible,rwd,front,96.6,0.86641038,0.979166667,0.849498328,3685,ohcv,eight,234,mpfi,3.46,3.1,8.3,155,4750,16,18,35056,14.6875,medium,0,1
0,122,mercedes-benz,std,four,sedan,rwd,front,120.9,1,0.995833333,0.948160535,3900,ohcv,eight,308,mpfi,3.8,3.35,8,184,4500,14,16,40960,16.78571429,medium,0,1
1,122,mercedes-benz,std,two,hardtop,rwd,front,112,0.9572321,1,0.926421405,3715,ohcv,eight,304,mpfi,3.8,3.35,8,184,4500,14,16,45400,16.78571429,medium,0,1
1,122,mercury,turbo,two,hatchback,rwd,front,102.7,0.857280154,0.944444444,0.91638796,2910,ohc,four,140,mpfi,3.78,3.12,8,175,5000,19,24,16503,12.36842105,medium,0,1
2,161,mitsubishi,std,two,hatchback,fwd,front,93.7,0.755886593,0.894444444,0.849498328,1918,ohc,four,92,2bbl,2.97,3.23,9.4,68,5500,37,41,5389,6.351351351,low,0,1
2,161,mitsubishi,std,two,hatchback,fwd,front,93.7,0.755886593,0.894444444,0.849498328,1944,ohc,four,92,2bbl,2.97,3.23,9.4,68,5500,31,38,6189,7.580645161,low,0,1
2,161,mitsubishi,std,two,hatchback,fwd,front,93.7,0.755886593,0.894444444,0.849498328,2004,ohc,four,92,2bbl,2.97,3.23,9.4,68,5500,31,38,6669,7.580645161,low,0,1
1,161,mitsubishi,turbo,two,hatchback,fwd,front,93,0.755886593,0.886111111,0.849498328,2145,ohc,four,98,spdi,3.03,3.39,7.6,102,5500,24,30,7689,9.791666667,low,0,1
3,153,mitsubishi,turbo,two,hatchback,fwd,front,96.3,0.831331091,0.908333333,0.826086957,2370,ohc,four,110,spdi,3.17,3.46,7.5,116,5500,23,30,9959,10.2173913,low,0,1
3,153,mitsubishi,std,two,hatchback,fwd,front,96.3,0.831331091,0.908333333,0.826086957,2328,ohc,four,122,2bbl,3.35,3.46,8.5,88,5000,25,32,8499,9.4,low,0,1
3,122,mitsubishi,turbo,two,hatchback,fwd,front,95.9,0.832292167,0.920833333,0.839464883,2833,ohc,four,156,spdi,3.58,3.86,7,145,5000,19,24,12629,12.36842105,medium,0,1
3,122,mitsubishi,turbo,two,hatchback,fwd,front,95.9,0.832292167,0.920833333,0.839464883,2921,ohc,four,156,spdi,3.59,3.86,7,145,5000,19,24,14869,12.36842105,medium,0,1
3,122,mitsubishi,turbo,two,hatchback,fwd,front,95.9,0.832292167,0.920833333,0.839464883,2926,ohc,four,156,spdi,3.59,3.86,7,145,5000,19,24,14489,12.36842105,medium,0,1
1,125,mitsubishi,std,four,sedan,fwd,front,96.3,0.828447862,0.908333333,0.862876254,2365,ohc,four,122,2bbl,3.35,3.46,8.5,88,5000,25,32,6989,9.4,low,0,1
1,125,mitsubishi,std,four,sedan,fwd,front,96.3,0.828447862,0.908333333,0.862876254,2405,ohc,four,122,2bbl,3.35,3.46,8.5,88,5000,25,32,8189,9.4,low,0,1
1,125,mitsubishi,turbo,four,sedan,fwd,front,96.3,0.828447862,0.908333333,0.862876254,2403,ohc,four,110,spdi,3.17,3.46,7.5,116,5500,23,30,9279,10.2173913,low,0,1
-1,137,mitsubishi,std,four,sedan,fwd,front,96.3,0.828447862,0.908333333,0.862876254,2403,ohc,four,110,spdi,3.17,3.46,7.5,116,5500,23,30,9279,10.2173913,low,0,1
1,128,nissan,std,two,sedan,fwd,front,94.5,0.794329649,0.886111111,0.911371237,1889,ohc,four,97,2bbl,3.15,3.29,9.4,69,5200,31,37,5499,7.580645161,low,0,1
1,128,nissan,std,two,sedan,fwd,front,94.5,0.794329649,0.886111111,0.911371237,2017,ohc,four,103,idi,2.99,3.47,21.9,55,4800,45,50,7099,5.222222222,low,1,0
1,128,nissan,std,two,sedan,fwd,front,94.5,0.794329649,0.886111111,0.911371237,1918,ohc,four,97,2bbl,3.15,3.29,9.4,69,5200,31,37,6649,7.580645161,low,0,1
1,122,nissan,std,four,sedan,fwd,front,94.5,0.794329649,0.886111111,0.911371237,1938,ohc,four,97,2bbl,3.15,3.29,9.4,69,5200,31,37,6849,7.580645161,low,0,1
1,103,nissan,std,four,wagon,fwd,front,94.5,0.817876021,0.886111111,0.894648829,2024,ohc,four,97,2bbl,3.15,3.29,9.4,69,5200,31,37,7349,7.580645161,low,0,1
1,128,nissan,std,two,sedan,fwd,front,94.5,0.794329649,0.886111111,0.911371237,1951,ohc,four,97,2bbl,3.15,3.29,9.4,69,5200,31,37,7299,7.580645161,low,0,1
1,128,nissan,std,two,hatchback,fwd,front,94.5,0.795771264,0.886111111,0.891304348,2028,ohc,four,97,2bbl,3.15,3.29,9.4,69,5200,31,37,7799,7.580645161,low,0,1
1,122,nissan,std,four,sedan,fwd,front,94.5,0.794329649,0.886111111,0.911371237,1971,ohc,four,97,2bbl,3.15,3.29,9.4,69,5200,31,37,7499,7.580645161,low,0,1
1,103,nissan,std,four,wagon,fwd,front,94.5,0.817876021,0.886111111,0.894648829,2037,ohc,four,97,2bbl,3.15,3.29,9.4,69,5200,31,37,7999,7.580645161,low,0,1
2,168,nissan,std,two,hardtop,fwd,front,95.1,0.780394041,0.886111111,0.891304348,2008,ohc,four,97,2bbl,3.15,3.29,9.4,69,5200,31,37,8249,7.580645161,low,0,1
0,106,nissan,std,four,hatchback,fwd,front,97.2,0.833253244,0.905555556,0.914715719,2324,ohc,four,120,2bbl,3.33,3.47,8.5,97,5200,27,34,8949,8.703703704,low,0,1
0,106,nissan,std,four,sedan,fwd,front,97.2,0.833253244,0.905555556,0.914715719,2302,ohc,four,120,2bbl,3.33,3.47,8.5,97,5200,27,34,9549,8.703703704,low,0,1
0,128,nissan,std,four,sedan,fwd,front,100.4,0.873137914,0.923611111,0.921404682,3095,ohcv,six,181,mpfi,3.43,3.27,9,152,5200,17,22,13499,13.82352941,medium,0,1
0,108,nissan,std,four,wagon,fwd,front,100.4,0.887073522,0.923611111,0.93812709,3296,ohcv,six,181,mpfi,3.43,3.27,9,152,5200,17,22,14399,13.82352941,medium,0,1
0,108,nissan,std,four,sedan,fwd,front,100.4,0.887073522,0.923611111,0.921404682,3060,ohcv,six,181,mpfi,3.43,3.27,9,152,5200,19,25,13499,12.36842105,medium,0,1
3,194,nissan,std,two,hatchback,rwd,front,91.3,0.820278712,0.943055556,0.831103679,3071,ohcv,six,181,mpfi,3.43,3.27,9,160,5200,19,25,17199,12.36842105,medium,0,1
3,194,nissan,turbo,two,hatchback,rwd,front,91.3,0.820278712,0.943055556,0.831103679,3139,ohcv,six,181,mpfi,3.43,3.27,7.8,200,5200,17,23,19699,13.82352941,high,0,1
1,231,nissan,std,two,hatchback,rwd,front,99.2,0.857760692,0.943055556,0.831103679,3139,ohcv,six,181,mpfi,3.43,3.27,9,160,5200,19,25,18399,12.36842105,medium,0,1
0,161,peugot,std,four,sedan,rwd,front,107.9,0.897164825,0.95,0.948160535,3020,l,four,120,mpfi,3.46,3.19,8.4,97,5000,19,24,11900,12.36842105,low,0,1
0,161,peugot,turbo,four,sedan,rwd,front,107.9,0.897164825,0.95,0.948160535,3197,l,four,152,idi,3.7,3.52,21,95,4150,28,33,13200,8.392857143,low,1,0
0,122,peugot,std,four,wagon,rwd,front,114.2,0.955790485,0.95,0.981605351,3230,l,four,120,mpfi,3.46,3.19,8.4,97,5000,19,24,12440,12.36842105,low,0,1
0,122,peugot,turbo,four,wagon,rwd,front,114.2,0.955790485,0.95,0.981605351,3430,l,four,152,idi,3.7,3.52,21,95,4150,25,25,13860,9.4,low,1,0
0,161,peugot,std,four,sedan,rwd,front,107.9,0.897164825,0.95,0.948160535,3075,l,four,120,mpfi,3.46,2.19,8.4,95,5000,19,24,15580,12.36842105,low,0,1
0,161,peugot,turbo,four,sedan,rwd,front,107.9,0.897164825,0.95,0.948160535,3252,l,four,152,idi,3.7,3.52,21,95,4150,28,33,16900,8.392857143,low,1,0
0,122,peugot,std,four,wagon,rwd,front,114.2,0.955790485,0.95,0.948160535,3285,l,four,120,mpfi,3.46,2.19,8.4,95,5000,19,24,16695,12.36842105,low,0,1
0,122,peugot,turbo,four,wagon,rwd,front,114.2,0.955790485,0.95,0.981605351,3485,l,four,152,idi,3.7,3.52,21,95,4150,25,25,17075,9.4,low,1,0
0,161,peugot,std,four,sedan,rwd,front,107.9,0.897164825,0.95,0.948160535,3075,l,four,120,mpfi,3.46,3.19,8.4,97,5000,19,24,16630,12.36842105,low,0,1
0,161,peugot,turbo,four,sedan,rwd,front,107.9,0.897164825,0.95,0.948160535,3252,l,four,152,idi,3.7,3.52,21,95,4150,28,33,17950,8.392857143,low,1,0
0,161,peugot,turbo,four,sedan,rwd,front,108,0.897164825,0.948611111,0.936454849,3130,l,four,134,mpfi,3.61,3.21,7,142,5600,18,24,18150,13.05555556,medium,0,1
1,119,plymouth,std,two,hatchback,fwd,front,93.7,0.755886593,0.886111111,0.849498328,1918,ohc,four,90,2bbl,2.97,3.23,9.4,68,5500,37,41,5572,6.351351351,low,0,1
1,119,plymouth,turbo,two,hatchback,fwd,front,93.7,0.755886593,0.886111111,0.849498328,2128,ohc,four,98,spdi,3.03,3.39,7.6,102,5500,24,30,7957,9.791666667,low,0,1
1,154,plymouth,std,four,hatchback,fwd,front,93.7,0.755886593,0.886111111,0.846153846,1967,ohc,four,90,2bbl,2.97,3.23,9.4,68,5500,31,38,6229,7.580645161,low,0,1
1,154,plymouth,std,four,sedan,fwd,front,93.7,0.803940413,0.886111111,0.849498328,1989,ohc,four,90,2bbl,2.97,3.23,9.4,68,5500,31,38,6692,7.580645161,low,0,1
1,154,plymouth,std,four,sedan,fwd,front,93.7,0.803940413,0.886111111,0.849498328,2191,ohc,four,98,2bbl,2.97,3.23,9.4,68,5500,31,38,7609,7.580645161,low,0,1
-1,74,plymouth,std,four,wagon,fwd,front,103.3,0.839019702,0.897222222,1,2535,ohc,four,122,2bbl,3.35,3.46,8.5,88,5000,24,30,8921,9.791666667,low,0,1
3,122,plymouth,turbo,two,hatchback,rwd,front,95.9,0.832292167,0.920833333,0.839464883,2818,ohc,four,156,spdi,3.59,3.86,7,145,5000,19,24,12764,12.36842105,medium,0,1
3,186,porsche,std,two,hatchback,rwd,front,94.5,0.811629025,0.948611111,0.839464883,2778,ohc,four,151,mpfi,3.94,3.11,9.5,143,5500,19,27,22018,12.36842105,medium,0,1
3,122,porsche,std,two,hardtop,rwd,rear,89.5,0.811629025,0.902777778,0.862876254,2756,ohcf,six,194,mpfi,3.74,2.9,9.5,207,5900,17,25,32528,13.82352941,high,0,1
3,122,porsche,std,two,hardtop,rwd,rear,89.5,0.811629025,0.902777778,0.862876254,2756,ohcf,six,194,mpfi,3.74,2.9,9.5,207,5900,17,25,34028,13.82352941,high,0,1
3,122,porsche,std,two,convertible,rwd,rear,89.5,0.811629025,0.902777778,0.862876254,2800,ohcf,six,194,mpfi,3.74,2.9,9.5,207,5900,17,25,37028,13.82352941,high,0,1
0,122,renault,std,four,wagon,fwd,front,96.1,0.872176838,0.923611111,0.923076923,2579,ohc,four,132,mpfi,3.46,3.9,8.7,104,5125.990099,23,31,9295,10.2173913,low,0,1
2,122,renault,std,two,hatchback,fwd,front,96.1,0.849591543,0.925,0.844481605,2460,ohc,four,132,mpfi,3.46,3.9,8.7,104,5125.990099,23,31,9895,10.2173913,low,0,1
3,150,saab,std,two,hatchback,fwd,front,99.1,0.896684286,0.923611111,0.93812709,2658,ohc,four,121,mpfi,3.54,3.07,9.31,110,5250,21,28,11850,11.19047619,low,0,1
2,104,saab,std,four,sedan,fwd,front,99.1,0.896684286,0.923611111,0.93812709,2695,ohc,four,121,mpfi,3.54,3.07,9.3,110,5250,21,28,12170,11.19047619,low,0,1
3,150,saab,std,two,hatchback,fwd,front,99.1,0.896684286,0.923611111,0.93812709,2707,ohc,four,121,mpfi,2.54,2.07,9.3,110,5250,21,28,15040,11.19047619,low,0,1
2,104,saab,std,four,sedan,fwd,front,99.1,0.896684286,0.923611111,0.93812709,2758,ohc,four,121,mpfi,3.54,3.07,9.3,110,5250,21,28,15510,11.19047619,low,0,1
3,150,saab,turbo,two,hatchback,fwd,front,99.1,0.896684286,0.923611111,0.93812709,2808,dohc,four,121,mpfi,3.54,3.07,9,160,5500,19,26,18150,12.36842105,medium,0,1
2,104,saab,turbo,four,sedan,fwd,front,99.1,0.896684286,0.923611111,0.93812709,2847,dohc,four,121,mpfi,3.54,3.07,9,160,5500,19,26,18620,12.36842105,medium,0,1
2,83,subaru,std,two,hatchback,fwd,front,93.7,0.75396444,0.880555556,0.897993311,2050,ohcf,four,97,2bbl,3.62,2.36,9,69,4900,31,36,5118,7.580645161,low,0,1
2,83,subaru,std,two,hatchback,fwd,front,93.7,0.758769822,0.883333333,0.897993311,2120,ohcf,four,108,2bbl,3.62,2.64,8.7,73,4400,26,31,7053,9.038461538,low,0,1
2,83,subaru,std,two,hatchback,4wd,front,93.3,0.755886593,0.886111111,0.931438127,2240,ohcf,four,108,2bbl,3.62,2.64,8.7,73,4400,26,31,7603,9.038461538,low,0,1
0,102,subaru,std,four,sedan,fwd,front,97.2,0.826525709,0.908333333,0.877926421,2145,ohcf,four,108,2bbl,3.62,2.64,9.5,82,4800,32,37,7126,7.34375,low,0,1
0,102,subaru,std,four,sedan,fwd,front,97.2,0.826525709,0.908333333,0.877926421,2190,ohcf,four,108,2bbl,3.62,2.64,9.5,82,4400,28,33,7775,8.392857143,low,0,1
0,102,subaru,std,four,sedan,fwd,front,97.2,0.826525709,0.908333333,0.877926421,2340,ohcf,four,108,mpfi,3.62,2.64,9,94,5200,26,32,9960,9.038461538,low,0,1
0,102,subaru,std,four,sedan,4wd,front,97,0.826525709,0.908333333,0.908026756,2385,ohcf,four,108,2bbl,3.62,2.64,9,82,4800,24,25,9233,9.791666667,low,0,1
0,102,subaru,turbo,four,sedan,4wd,front,97,0.826525709,0.908333333,0.908026756,2510,ohcf,four,108,mpfi,3.62,2.64,7.7,111,4800,24,29,11259,9.791666667,low,0,1
0,89,subaru,std,four,wagon,fwd,front,97,0.833733782,0.908333333,0.886287625,2290,ohcf,four,108,2bbl,3.62,2.64,9,82,4800,28,32,7463,8.392857143,low,0,1
0,89,subaru,std,four,wagon,fwd,front,97,0.833733782,0.908333333,0.886287625,2455,ohcf,four,108,mpfi,3.62,2.64,9,94,5200,25,31,10198,9.4,low,0,1
0,85,subaru,std,four,wagon,4wd,front,96.9,0.83421432,0.908333333,0.918060201,2420,ohcf,four,108,2bbl,3.62,2.64,9,82,4800,23,29,8013,10.2173913,low,0,1
0,85,subaru,turbo,four,wagon,4wd,front,96.9,0.83421432,0.908333333,0.918060201,2650,ohcf,four,108,mpfi,3.62,2.64,7.7,111,4800,23,23,11694,10.2173913,low,0,1
1,87,toyota,std,two,hatchback,fwd,front,95.7,0.762614128,0.883333333,0.911371237,1985,ohc,four,92,2bbl,3.05,3.03,9,62,4800,35,39,5348,6.714285714,low,0,1
1,87,toyota,std,two,hatchback,fwd,front,95.7,0.762614128,0.883333333,0.911371237,2040,ohc,four,92,2bbl,3.05,3.03,9,62,4800,31,38,6338,7.580645161,low,0,1
1,74,toyota,std,four,hatchback,fwd,front,95.7,0.762614128,0.883333333,0.911371237,2015,ohc,four,92,2bbl,3.05,3.03,9,62,4800,31,38,6488,7.580645161,low,0,1
0,77,toyota,std,four,wagon,fwd,front,95.7,0.81547333,0.883333333,0.988294314,2280,ohc,four,92,2bbl,3.05,3.03,9,62,4800,31,37,6918,7.580645161,low,0,1
0,81,toyota,std,four,wagon,4wd,front,95.7,0.81547333,0.883333333,0.988294314,2290,ohc,four,92,2bbl,3.05,3.03,9,62,4800,27,32,7898,8.703703704,low,0,1
0,91,toyota,std,four,wagon,4wd,front,95.7,0.81547333,0.883333333,0.988294314,3110,ohc,four,92,2bbl,3.05,3.03,9,62,4800,27,32,8778,8.703703704,low,0,1
0,91,toyota,std,four,sedan,fwd,front,95.7,0.799135031,0.894444444,0.886287625,2081,ohc,four,98,2bbl,3.19,3.03,9,70,4800,30,37,6938,7.833333333,low,0,1
0,91,toyota,std,four,hatchback,fwd,front,95.7,0.799135031,0.894444444,0.882943144,2109,ohc,four,98,2bbl,3.19,3.03,9,70,4800,30,37,7198,7.833333333,low,0,1
0,91,toyota,std,four,sedan,fwd,front,95.7,0.799135031,0.894444444,0.886287625,2275,ohc,four,110,idi,3.27,3.35,22.5,56,4500,34,36,7898,6.911764706,low,1,0
0,91,toyota,std,four,hatchback,fwd,front,95.7,0.799135031,0.894444444,0.882943144,2275,ohc,four,110,idi,3.27,3.35,22.5,56,4500,38,47,7788,6.184210526,low,1,0
0,91,toyota,std,four,sedan,fwd,front,95.7,0.799135031,0.894444444,0.886287625,2094,ohc,four,98,2bbl,3.19,3.03,9,70,4800,38,47,7738,6.184210526,low,0,1
0,91,toyota,std,four,hatchback,fwd,front,95.7,0.799135031,0.894444444,0.882943144,2122,ohc,four,98,2bbl,3.19,3.03,9,70,4800,28,34,8358,8.392857143,low,0,1
0,91,toyota,std,four,sedan,fwd,front,95.7,0.799135031,0.894444444,0.882943144,2140,ohc,four,98,2bbl,3.19,3.03,9,70,4800,28,34,9258,8.392857143,low,0,1
1,168,toyota,std,two,sedan,rwd,front,94.5,0.810667948,0.888888889,0.879598662,2169,ohc,four,98,2bbl,3.19,3.03,9,70,4800,29,34,8058,8.103448276,low,0,1
1,168,toyota,std,two,hatchback,rwd,front,94.5,0.810667948,0.888888889,0.879598662,2204,ohc,four,98,2bbl,3.19,3.03,9,70,4800,29,34,8238,8.103448276,low,0,1
1,168,toyota,std,two,sedan,rwd,front,94.5,0.810667948,0.888888889,0.879598662,2265,dohc,four,98,mpfi,3.24,3.08,9.4,112,6600,26,29,9298,9.038461538,low,0,1
1,168,toyota,std,two,hatchback,rwd,front,94.5,0.810667948,0.888888889,0.879598662,2300,dohc,four,98,mpfi,3.24,3.08,9.4,112,6600,26,29,9538,9.038461538,low,0,1
2,134,toyota,std,two,hardtop,rwd,front,98.4,0.846708313,0.911111111,0.869565217,2540,ohc,four,146,mpfi,3.62,3.5,9.3,116,4800,24,30,8449,9.791666667,low,0,1
2,134,toyota,std,two,hardtop,rwd,front,98.4,0.846708313,0.911111111,0.869565217,2536,ohc,four,146,mpfi,3.62,3.5,9.3,116,4800,24,30,9639,9.791666667,low,0,1
2,134,toyota,std,two,hatchback,rwd,front,98.4,0.846708313,0.911111111,0.869565217,2551,ohc,four,146,mpfi,3.62,3.5,9.3,116,4800,24,30,9989,9.791666667,low,0,1
2,134,toyota,std,two,hardtop,rwd,front,98.4,0.846708313,0.911111111,0.869565217,2679,ohc,four,146,mpfi,3.62,3.5,9.3,116,4800,24,30,11199,9.791666667,low,0,1
2,134,toyota,std,two,hatchback,rwd,front,98.4,0.846708313,0.911111111,0.869565217,2714,ohc,four,146,mpfi,3.62,3.5,9.3,116,4800,24,30,11549,9.791666667,low,0,1
2,134,toyota,std,two,convertible,rwd,front,98.4,0.846708313,0.911111111,0.886287625,2975,ohc,four,146,mpfi,3.62,3.5,9.3,116,4800,24,30,17669,9.791666667,low,0,1
-1,65,toyota,std,four,sedan,fwd,front,102.4,0.843825084,0.923611111,0.918060201,2326,ohc,four,122,mpfi,3.31,3.54,8.7,92,4200,29,34,8948,8.103448276,low,0,1
-1,65,toyota,turbo,four,sedan,fwd,front,102.4,0.843825084,0.923611111,0.918060201,2480,ohc,four,110,idi,3.27,3.35,22.5,73,4500,30,33,10698,7.833333333,low,1,0
-1,65,toyota,std,four,hatchback,fwd,front,102.4,0.843825084,0.923611111,0.901337793,2414,ohc,four,122,mpfi,3.31,3.54,8.7,92,4200,27,32,9988,8.703703704,low,0,1
-1,65,toyota,std,four,sedan,fwd,front,102.4,0.843825084,0.923611111,0.918060201,2414,ohc,four,122,mpfi,3.31,3.54,8.7,92,4200,27,32,10898,8.703703704,low,0,1
-1,65,toyota,std,four,hatchback,fwd,front,102.4,0.843825084,0.923611111,0.901337793,2458,ohc,four,122,mpfi,3.31,3.54,8.7,92,4200,27,32,11248,8.703703704,low,0,1
3,197,toyota,std,two,hatchback,rwd,front,102.9,0.881787602,0.940277778,0.869565217,2976,dohc,six,171,mpfi,3.27,3.35,9.3,161,5200,20,24,16558,11.75,medium,0,1
3,197,toyota,std,two,hatchback,rwd,front,102.9,0.881787602,0.940277778,0.869565217,3016,dohc,six,171,mpfi,3.27,3.35,9.3,161,5200,19,24,15998,12.36842105,medium,0,1
-1,90,toyota,std,four,sedan,rwd,front,104.5,0.902450745,0.923611111,0.904682274,3131,dohc,six,171,mpfi,3.27,3.35,9.2,156,5200,20,24,15690,11.75,medium,0,1
-1,122,toyota,std,four,wagon,rwd,front,104.5,0.902450745,0.923611111,0.904682274,3151,dohc,six,161,mpfi,3.27,3.35,9.2,156,5200,19,24,15750,12.36842105,medium,0,1
2,122,volkswagen,std,two,sedan,fwd,front,97.3,0.825084094,0.909722222,0.931438127,2261,ohc,four,97,idi,3.01,3.4,23,52,4800,37,46,7775,6.351351351,low,1,0
2,122,volkswagen,std,two,sedan,fwd,front,97.3,0.825084094,0.909722222,0.931438127,2209,ohc,four,109,mpfi,3.19,3.4,9,85,5250,27,34,7975,8.703703704,low,0,1
2,94,volkswagen,std,four,sedan,fwd,front,97.3,0.825084094,0.909722222,0.931438127,2264,ohc,four,97,idi,3.01,3.4,23,52,4800,37,46,7995,6.351351351,low,1,0
2,94,volkswagen,std,four,sedan,fwd,front,97.3,0.825084094,0.909722222,0.931438127,2212,ohc,four,109,mpfi,3.19,3.4,9,85,5250,27,34,8195,8.703703704,low,0,1
2,94,volkswagen,std,four,sedan,fwd,front,97.3,0.825084094,0.909722222,0.931438127,2275,ohc,four,109,mpfi,3.19,3.4,9,85,5250,27,34,8495,8.703703704,low,0,1
2,94,volkswagen,turbo,four,sedan,fwd,front,97.3,0.825084094,0.909722222,0.931438127,2319,ohc,four,97,idi,3.01,3.4,23,68,4500,37,42,9495,6.351351351,low,1,0
2,94,volkswagen,std,four,sedan,fwd,front,97.3,0.825084094,0.909722222,0.931438127,2300,ohc,four,109,mpfi,3.19,3.4,10,100,5500,26,32,9995,9.038461538,low,0,1
3,122,volkswagen,std,two,convertible,fwd,front,94.5,0.765497357,0.891666667,0.929765886,2254,ohc,four,109,mpfi,3.19,3.4,8.5,90,5500,24,29,11595,9.791666667,low,0,1
3,256,volkswagen,std,two,hatchback,fwd,front,94.5,0.796251802,0.888888889,0.859531773,2221,ohc,four,109,mpfi,3.19,3.4,8.5,90,5500,24,29,9980,9.791666667,low,0,1
0,122,volkswagen,std,four,sedan,fwd,front,100.4,0.865929841,0.929166667,0.921404682,2661,ohc,five,136,mpfi,3.19,3.4,8.5,110,5500,19,24,13295,12.36842105,low,0,1
0,122,volkswagen,turbo,four,sedan,fwd,front,100.4,0.865929841,0.929166667,0.921404682,2579,ohc,four,97,idi,3.01,3.4,23,68,4500,33,38,13845,7.121212121,low,1,0
0,122,volkswagen,std,four,wagon,fwd,front,100.4,0.879865449,0.929166667,0.921404682,2563,ohc,four,109,mpfi,3.19,3.4,9,88,5500,25,31,12290,9.4,low,0,1
-2,103,volvo,std,four,sedan,rwd,front,104.3,0.907256127,0.933333333,0.939799331,2912,ohc,four,141,mpfi,3.78,3.15,9.5,114,5400,23,28,12940,10.2173913,low,0,1
-1,74,volvo,std,four,wagon,rwd,front,104.3,0.907256127,0.933333333,0.961538462,3034,ohc,four,141,mpfi,3.78,3.15,9.5,114,5400,23,28,13415,10.2173913,low,0,1
-2,103,volvo,std,four,sedan,rwd,front,104.3,0.907256127,0.933333333,0.939799331,2935,ohc,four,141,mpfi,3.78,3.15,9.5,114,5400,24,28,15985,9.791666667,low,0,1
-1,74,volvo,std,four,wagon,rwd,front,104.3,0.907256127,0.933333333,0.961538462,3042,ohc,four,141,mpfi,3.78,3.15,9.5,114,5400,24,28,16515,9.791666667,low,0,1
-2,103,volvo,turbo,four,sedan,rwd,front,104.3,0.907256127,0.933333333,0.939799331,3045,ohc,four,130,mpfi,3.62,3.15,7.5,162,5100,17,22,18420,13.82352941,medium,0,1
-1,74,volvo,turbo,four,wagon,rwd,front,104.3,0.907256127,0.933333333,0.961538462,3157,ohc,four,130,mpfi,3.62,3.15,7.5,162,5100,17,22,18950,13.82352941,medium,0,1
-1,95,volvo,std,four,sedan,rwd,front,109.1,0.907256127,0.956944444,0.928093645,2952,ohc,four,141,mpfi,3.78,3.15,9.5,114,5400,23,28,16845,10.2173913,low,0,1
-1,95,volvo,turbo,four,sedan,rwd,front,109.1,0.907256127,0.955555556,0.928093645,3049,ohc,four,141,mpfi,3.78,3.15,8.7,160,5300,19,25,19045,12.36842105,medium,0,1
-1,95,volvo,std,four,sedan,rwd,front,109.1,0.907256127,0.956944444,0.928093645,3012,ohcv,six,173,mpfi,3.58,2.87,8.8,134,5500,18,23,21485,13.05555556,medium,0,1
-1,95,volvo,turbo,four,sedan,rwd,front,109.1,0.907256127,0.956944444,0.928093645,3217,ohc,six,145,idi,3.01,3.4,23,106,4800,26,27,22470,9.038461538,low,1,0
-1,95,volvo,turbo,four,sedan,rwd,front,109.1,0.907256127,0.956944444,0.928093645,3062,ohc,four,141,mpfi,3.78,3.15,9.5,114,5400,19,25,22625,12.36842105,low,0,1
